iter,id,x,y,z,r,p,y
0,1,0.59341,0.662596,5.54413,2.7537,0.41393,-0.915722
1,1,0.59343,0.663769,5.54281,2.75274,0.414293,-0.915446
2,1,0.593181,0.663647,5.54297,2.75328,0.414304,-0.915605
3,1,0.593585,0.663436,5.54384,2.75379,0.414391,-0.915819
4,1,0.593639,0.662618,5.54554,2.75295,0.413235,-0.915576
5,1,0.593543,0.662877,5.54361,2.75375,0.413781,-0.916
6,1,0.593436,0.663539,5.54361,2.75349,0.414171,-0.915625
7,1,0.593424,0.663509,5.54371,2.75344,0.413648,-0.915551
8,1,0.59364,0.663131,5.54376,2.75382,0.413635,-0.915674
9,1,0.593459,0.662603,5.54353,2.75274,0.413969,-0.91564
10,1,0.593384,0.662836,5.54254,2.75392,0.414068,-0.915738
11,1,0.593447,0.663306,5.54285,2.75439,0.414493,-0.915771
12,1,0.593331,0.663499,5.54301,2.75346,0.413679,-0.915751
13,1,0.593663,0.662967,5.54365,2.75347,0.413977,-0.915575
14,1,0.593547,0.662737,5.54224,2.75418,0.414459,-0.915976
15,1,0.593595,0.662634,5.54397,2.75279,0.413865,-0.915477
16,1,0.593436,0.662854,5.54198,2.75394,0.414553,-0.915774
17,1,0.593325,0.663385,5.54295,2.75349,0.413787,-0.915566
18,1,0.59345,0.663034,5.5436,2.75367,0.414081,-0.91573
19,1,0.593705,0.662718,5.54387,2.7535,0.414393,-0.915699
20,1,0.593567,0.662632,5.54312,2.75359,0.414052,-0.915715
21,1,0.593529,0.663053,5.54291,2.75449,0.414268,-0.915889
22,1,0.593513,0.663098,5.54337,2.75405,0.414099,-0.916049
23,1,0.593478,0.662853,5.54231,2.75407,0.414505,-0.915835
24,1,0.593509,0.662633,5.54184,2.75418,0.415113,-0.91573
25,1,0.593611,0.662822,5.54276,2.75394,0.414678,-0.915997
26,1,0.593562,0.662977,5.54389,2.75365,0.413946,-0.915668
27,1,0.593317,0.663071,5.54245,2.75438,0.414709,-0.915646
28,1,0.593442,0.662856,5.54242,2.75396,0.414439,-0.915862
29,1,0.593549,0.662651,5.54264,2.75462,0.414854,-0.915718
30,1,0.593502,0.662701,5.54249,2.75479,0.41485,-0.915875
31,1,0.593616,0.662597,5.54242,2.75363,0.414218,-0.915658
32,1,0.593703,0.662849,5.54336,2.75401,0.414591,-0.915942
33,1,0.593681,0.66289,5.54343,2.75442,0.414648,-0.916088
34,1,0.593615,0.66269,5.5426,2.75465,0.414624,-0.916001
35,1,0.593617,0.662748,5.54326,2.75435,0.41442,-0.916235
36,1,0.59365,0.66274,5.54369,2.75456,0.414252,-0.916201
37,1,0.593695,0.662692,5.5436,2.75371,0.413979,-0.915953
38,1,0.593703,0.662792,5.54327,2.75464,0.414802,-0.916036
39,1,0.593539,0.66267,5.54224,2.75438,0.415045,-0.915979
40,1,0.593645,0.662655,5.54296,2.75468,0.415173,-0.916049
41,1,0.593666,0.66259,5.54319,2.75365,0.414391,-0.9158
42,1,0.593606,0.662659,5.5438,2.75392,0.414645,-0.916063
43,1,0.593494,0.662682,5.54333,2.75325,0.413972,-0.915679
44,1,0.593784,0.662855,5.54379,2.75384,0.414376,-0.916062
45,1,0.593452,0.66291,5.54289,2.75382,0.414283,-0.915775
46,1,0.593267,0.662834,5.54278,2.75306,0.414283,-0.915658
47,1,0.593228,0.661825,5.54205,2.75452,0.414964,-0.916194
48,1,0.593223,0.665108,5.54124,2.75308,0.415011,-0.915535
49,1,0.593733,0.665085,5.54594,2.75212,0.413582,-0.915528
50,1,0.594103,0.661762,5.54453,2.754,0.414383,-0.915951
51,1,0.59442,0.661196,5.54443,2.75416,0.41398,-0.916051
52,1,0.594226,0.662123,5.54328,2.75367,0.413952,-0.915769
53,1,0.594222,0.662921,5.54355,2.75394,0.414779,-0.915725
54,1,0.594402,0.662641,5.54191,2.75444,0.414834,-0.91578
55,1,0.594652,0.663294,5.54326,2.75423,0.414834,-0.915997
56,1,0.594381,0.661834,5.5476,2.75291,0.412511,-0.915549
57,1,0.593719,0.660129,5.54146,2.75298,0.414369,-0.915262
58,1,0.593757,0.662612,5.54137,2.75376,0.414903,-0.915872
59,1,0.593636,0.665939,5.54213,2.75323,0.413759,-0.915959
60,1,0.594236,0.665558,5.54627,2.75264,0.413161,-0.915749
61,1,0.593587,0.659236,5.544,2.75398,0.414417,-0.915905
62,1,0.593127,0.66087,5.54194,2.75405,0.414958,-0.915881
63,1,0.592544,0.664938,5.54169,2.75324,0.415151,-0.916097
64,1,0.592176,0.668838,5.54121,2.75246,0.415506,-0.915851
65,1,0.592848,0.668157,5.54653,2.7523,0.414026,-0.915968
66,1,0.592766,0.663471,5.5443,2.75406,0.414453,-0.91645
67,1,0.593191,0.662381,5.5433,2.75351,0.414349,-0.915957
68,1,0.59276,0.663841,5.54296,2.75284,0.414411,-0.916224
69,1,0.592953,0.665985,5.54362,2.75271,0.413942,-0.91588
70,1,0.592923,0.666523,5.54423,2.7524,0.413773,-0.915997
71,1,0.592598,0.665401,5.54332,2.75266,0.414609,-0.915859
72,1,0.592725,0.664536,5.54352,2.75337,0.414193,-0.915998
73,1,0.592755,0.664154,5.54316,2.75407,0.415257,-0.916065
74,1,0.59247,0.665219,5.54203,2.75259,0.414994,-0.915743
75,1,0.592484,0.665966,5.54346,2.75254,0.414176,-0.915726
76,1,0.592474,0.666087,5.54316,2.75265,0.414719,-0.915725
77,1,0.592868,0.665156,5.54455,2.75262,0.414263,-0.916219
78,1,0.592759,0.664216,5.542,2.75381,0.415237,-0.915944
79,1,0.592829,0.66516,5.5438,2.75266,0.414126,-0.916016
80,1,0.592742,0.665696,5.54252,2.75366,0.415207,-0.91593
81,1,0.592927,0.665736,5.5437,2.75327,0.414356,-0.915888
82,1,0.593016,0.664651,5.5438,2.75314,0.414172,-0.91582
83,1,0.593072,0.664451,5.54324,2.75375,0.41484,-0.916004
84,1,0.592918,0.664648,5.54265,2.75347,0.414589,-0.915552
85,1,0.593083,0.664965,5.54301,2.75362,0.414604,-0.916123
86,1,0.59297,0.665079,5.54293,2.75336,0.414636,-0.916285
87,1,0.593087,0.665152,5.54376,2.75208,0.413428,-0.916195
88,1,0.593077,0.664757,5.54395,2.75284,0.413706,-0.916089
89,1,0.593121,0.664496,5.54344,2.75311,0.414209,-0.915823
90,1,0.593095,0.664893,5.54353,2.75318,0.414347,-0.916134
91,1,0.592978,0.665104,5.5428,2.75337,0.414863,-0.91607
92,1,0.592829,0.665598,5.54298,2.75258,0.414127,-0.916002
93,1,0.593014,0.664902,5.54347,2.75273,0.414106,-0.915898
94,1,0.592912,0.664979,5.543,2.7531,0.414068,-0.916212
95,1,0.593074,0.664966,5.54315,2.75295,0.414241,-0.916139
96,1,0.592961,0.664934,5.54317,2.75302,0.414005,-0.916261
97,1,0.593126,0.664775,5.54324,2.75292,0.414025,-0.915961
98,1,0.593207,0.664757,5.54399,2.7534,0.414397,-0.915849
99,1,0.593278,0.66452,5.54303,2.75429,0.415166,-0.915965
100,1,0.593176,0.664293,5.54234,2.75403,0.415087,-0.915877
101,1,0.593286,0.665069,5.54306,2.75314,0.414449,-0.916101
102,1,0.593114,0.665157,5.54385,2.75346,0.414685,-0.916196
103,1,0.593101,0.664345,5.54278,2.75378,0.415034,-0.915983
104,1,0.593092,0.664573,5.54249,2.75364,0.414813,-0.91588
105,1,0.593143,0.665006,5.54326,2.75335,0.41448,-0.916213
106,1,0.593213,0.665049,5.54487,2.75252,0.413227,-0.91596
107,1,0.593204,0.664769,5.54448,2.75378,0.41406,-0.916113
108,1,0.593209,0.664582,5.54232,2.75314,0.414342,-0.915621
109,1,0.593328,0.664871,5.54504,2.75302,0.41399,-0.916125
110,1,0.593224,0.66473,5.54394,2.75338,0.414214,-0.915977
111,1,0.593301,0.66439,5.54279,2.75386,0.414622,-0.915867
112,1,0.593308,0.664861,5.54368,2.75247,0.413399,-0.915998
113,1,0.593412,0.664681,5.54368,2.75317,0.41418,-0.915837
114,1,0.592907,0.663442,5.54388,2.75347,0.414532,-0.915808
115,1,0.593682,0.664435,5.54199,2.75315,0.414589,-0.915686
116,1,0.59324,0.664844,5.5434,2.75388,0.415033,-0.915863
117,1,0.593711,0.662009,5.54354,2.7537,0.413988,-0.915933
118,1,0.593772,0.661943,5.54356,2.75355,0.413677,-0.915561
119,1,0.5935,0.662749,5.54251,2.75485,0.415393,-0.91608
120,1,0.593617,0.665351,5.54291,2.75341,0.414076,-0.916099
121,1,0.593386,0.663832,5.54455,2.75259,0.413543,-0.915574
122,1,0.593658,0.662736,5.5435,2.7537,0.413938,-0.915597
123,1,0.593723,0.662353,5.54395,2.75325,0.414367,-0.915581
124,1,0.593509,0.66287,5.54286,2.75306,0.41422,-0.915618
125,1,0.5936,0.663384,5.54294,2.75381,0.414289,-0.915829
126,1,0.59348,0.663534,5.54367,2.75299,0.413661,-0.915568
127,1,0.593616,0.663914,5.5433,2.75335,0.413818,-0.915746
128,1,0.593546,0.662732,5.5434,2.75397,0.414093,-0.915957
129,1,0.593666,0.662417,5.54325,2.75394,0.414373,-0.915704
130,1,0.593685,0.662892,5.54345,2.75436,0.414194,-0.916033
131,1,0.593761,0.663742,5.54344,2.75318,0.413752,-0.915507
132,1,0.593652,0.663448,5.54427,2.75396,0.414021,-0.915827
133,1,0.593752,0.662601,5.5438,2.75342,0.414352,-0.915835
134,1,0.593635,0.66265,5.54313,2.75331,0.414323,-0.915764
135,1,0.593573,0.663018,5.54289,2.75349,0.414206,-0.915729
136,1,0.593441,0.663383,5.54345,2.75347,0.413676,-0.915762
137,1,0.593663,0.663061,5.54399,2.75332,0.414271,-0.916026
138,1,0.59352,0.662863,5.54202,2.75347,0.414649,-0.915656
139,1,0.593562,0.662523,5.54289,2.7537,0.414299,-0.915733
140,1,0.593657,0.662683,5.54305,2.75423,0.414883,-0.915992
141,1,0.593622,0.662979,5.54215,2.75399,0.414915,-0.915454
142,1,0.593585,0.663226,5.54274,2.75379,0.414655,-0.915618
143,1,0.59367,0.662719,5.54355,2.75389,0.414339,-0.916017
144,1,0.593679,0.662491,5.54331,2.75357,0.414223,-0.915666
145,1,0.593644,0.662878,5.543,2.75387,0.414333,-0.916129
146,1,0.593442,0.662844,5.54163,2.75353,0.415133,-0.915478
147,1,0.593741,0.663157,5.5439,2.7534,0.41374,-0.915823
148,1,0.593611,0.662761,5.54253,2.75404,0.414982,-0.916063
148,28,-3.24905,-12.141,36.7892,2.03219,-0.0332468,-1.33562
149,1,0.5937,0.662991,5.54441,2.75345,0.41325,-0.915914
150,1,0.593634,0.662797,5.54299,2.7541,0.414936,-0.916014
151,1,0.593509,0.663003,5.54205,2.75399,0.415213,-0.915931
152,1,0.593603,0.66301,5.54322,2.75281,0.413875,-0.91577
153,1,0.593758,0.663022,5.54352,2.75361,0.414405,-0.915719
154,1,0.593501,0.662814,5.54268,2.75357,0.414709,-0.915559
155,1,0.59376,0.662766,5.54356,2.75369,0.414204,-0.915777
156,1,0.59364,0.662786,5.54279,2.75401,0.414351,-0.916052
157,1,0.593566,0.662856,5.54331,2.75394,0.414192,-0.915777
158,1,0.593715,0.662877,5.54417,2.75343,0.414225,-0.915817
159,1,0.59371,0.662794,5.54229,2.7545,0.415545,-0.915879
160,1,0.593727,0.66272,5.54257,2.75358,0.415231,-0.91582
161,1,0.593735,0.66283,5.54337,2.75372,0.414638,-0.916106
162,1,0.593631,0.6628,5.54361,2.75355,0.414104,-0.916026
163,1,0.593754,0.662752,5.54361,2.75375,0.414253,-0.915987
164,1,0.59366,0.662912,5.54266,2.75423,0.415064,-0.915957
165,1,0.593689,0.662858,5.54284,2.75377,0.414602,-0.916054
166,1,0.59373,0.662733,5.54367,2.75296,0.414317,-0.915762
167,1,0.593802,0.662706,5.54385,2.75396,0.414746,-0.915937
168,1,0.593684,0.662709,5.5436,2.75327,0.414202,-0.915761
169,1,0.593745,0.662915,5.54348,2.75375,0.414773,-0.915964
170,1,0.593712,0.662576,5.54302,2.7537,0.414506,-0.915739
171,1,0.593641,0.662623,5.54342,2.75325,0.414344,-0.915651
172,1,0.593576,0.662739,5.54385,2.75373,0.414496,-0.91552
173,1,0.5937,0.662807,5.54343,2.75365,0.414898,-0.916005
174,1,0.593678,0.662755,5.54324,2.75387,0.414664,-0.915887
175,1,0.593757,0.662629,5.54371,2.7532,0.414166,-0.915798
176,1,0.593846,0.662721,5.54411,2.75402,0.414626,-0.916087
177,1,0.59299,0.661245,5.53637,2.75326,0.414352,-0.915502
178,1,0.592992,0.661411,5.53767,2.75236,0.41364,-0.915232
179,1,0.593079,0.661528,5.53663,2.75379,0.414475,-0.915923
180,1,0.59303,0.661414,5.53756,2.75398,0.414902,-0.915906
181,1,0.59314,0.661383,5.53765,2.75287,0.414372,-0.915625
182,1,0.593193,0.661614,5.53896,2.75316,0.413686,-0.91621
183,1,0.593097,0.661354,5.53679,2.7538,0.415278,-0.916139
184,1,0.593201,0.661708,5.53826,2.75411,0.415097,-0.915752
185,1,0.593252,0.661596,5.53756,2.75449,0.415232,-0.915939
186,1,0.59311,0.661543,5.53795,2.75301,0.414321,-0.915413
187,1,0.593326,0.661558,5.53721,2.75438,0.415609,-0.916064
188,1,0.593269,0.661763,5.53825,2.75394,0.414889,-0.915964
189,1,0.593068,0.661699,5.53797,2.7541,0.415371,-0.915902
190,1,0.593095,0.661455,5.53716,2.75408,0.41536,-0.915893
191,1,0.593219,0.661574,5.53779,2.75373,0.414603,-0.91557
192,1,0.593025,0.661259,5.53684,2.753,0.414107,-0.915374
193,1,0.59322,0.661412,5.53721,2.75398,0.414849,-0.915662
194,1,0.59312,0.661492,5.53718,2.7547,0.415355,-0.915896
195,1,0.592973,0.661401,5.53689,2.75364,0.414873,-0.915683
196,1,0.593229,0.661434,5.53815,2.7536,0.414104,-0.916018
197,1,0.593054,0.661218,5.53756,2.75241,0.41344,-0.915434
198,1,0.593123,0.661514,5.53806,2.75349,0.414646,-0.91588
199,1,0.593274,0.661608,5.53747,2.75411,0.414354,-0.915849
200,1,0.593023,0.661417,5.53696,2.7529,0.414121,-0.915584
201,1,0.593205,0.661616,5.53793,2.75523,0.41479,-0.916215
202,1,0.593139,0.661385,5.53793,2.75328,0.413482,-0.915864
203,1,0.592938,0.661202,5.53656,2.75296,0.413539,-0.915678
204,1,0.593092,0.66162,5.53754,2.75328,0.413562,-0.916127
205,1,0.593021,0.661447,5.53625,2.75322,0.41435,-0.915978
206,1,0.593157,0.661476,5.5382,2.75341,0.414073,-0.915688
207,1,0.592837,0.661162,5.53614,2.75322,0.414537,-0.915915
208,1,0.592956,0.661175,5.53657,2.75289,0.414291,-0.915655
209,1,0.593045,0.661644,5.53759,2.75325,0.414285,-0.915341
210,1,0.593157,0.661588,5.53769,2.75425,0.414205,-0.916008
211,1,0.593115,0.661453,5.53725,2.75322,0.414425,-0.91538
212,1,0.593142,0.661533,5.53836,2.75287,0.413591,-0.915716
213,1,0.592982,0.66126,5.53707,2.75374,0.414223,-0.915811
214,1,0.593105,0.661231,5.53616,2.7539,0.414468,-0.915749
215,1,0.593021,0.661228,5.53617,2.75337,0.41437,-0.915499
216,1,0.592876,0.66112,5.5363,2.7526,0.41389,-0.915304
217,1,0.593146,0.661136,5.53819,2.75327,0.413573,-0.915797
