iter,id,x,y,z,r,p,y
0,1,16.0393,-0.499613,-2.71807,0.999488,0.257108,-0.326655
1,1,16.0578,-0.49947,-2.72011,0.996997,0.243575,-0.332026
2,1,16.0749,-0.500713,-2.72344,0.994615,0.236946,-0.322627
3,1,16.0468,-0.499622,-2.71983,0.998786,0.254059,-0.326952
4,1,16.049,-0.499773,-2.72373,0.999387,0.249138,-0.327225
5,1,16.0543,-0.498643,-2.72385,0.99584,0.237332,-0.335568
6,1,16.0423,-0.49925,-2.72133,0.99942,0.255511,-0.325969
7,1,16.0499,-0.499755,-2.72224,0.997557,0.246921,-0.332523
8,1,16.0402,-0.499751,-2.71799,0.999634,0.255123,-0.326146
9,1,16.0318,-0.499058,-2.71635,1.00067,0.25173,-0.335784
10,1,16.0409,-0.499145,-2.72,0.996798,0.244743,-0.334932
11,1,16.0527,-0.500129,-2.72165,0.99663,0.242309,-0.332135
12,1,16.054,-0.499876,-2.72406,0.996603,0.248227,-0.325403
13,1,16.0342,-0.49959,-2.7205,0.998915,0.25631,-0.333235
14,1,16.0427,-0.499775,-2.72028,0.998319,0.252255,-0.333218
15,1,16.0414,-0.499926,-2.7185,0.9992,0.253072,-0.333642
16,1,16.0597,-0.50037,-2.72213,0.997323,0.252183,-0.324363
17,1,16.038,-0.49933,-2.71834,0.999922,0.251814,-0.332837
18,1,16.0216,-0.498783,-2.71737,0.998234,0.254897,-0.33034
19,1,16.049,-0.499614,-2.72252,0.998699,0.252576,-0.32383
20,1,16.0335,-0.499514,-2.71902,0.999463,0.253382,-0.336317
21,1,16.0566,-0.499559,-2.7231,0.994814,0.234426,-0.331529
22,1,16.0612,-0.499201,-2.72173,0.994849,0.235198,-0.337152
23,1,16.0462,-0.499456,-2.7196,0.9986,0.245837,-0.337372
24,1,16.0395,-0.499632,-2.71936,0.997731,0.255902,-0.326005
25,1,16.0481,-0.499111,-2.72146,0.99616,0.238647,-0.336398
26,1,16.0445,-0.499397,-2.72133,0.997221,0.251222,-0.329792
27,1,16.0481,-0.49977,-2.72136,0.998709,0.245956,-0.338284
28,1,16.0357,-0.499738,-2.71843,0.997935,0.25152,-0.332342
29,1,16.0335,-0.498663,-2.71808,0.998152,0.249094,-0.335344
30,1,16.0439,-0.500049,-2.72027,0.998013,0.242121,-0.338929
31,1,16.0414,-0.49896,-2.71987,0.99821,0.252924,-0.328634
32,1,16.0508,-0.499834,-2.72202,0.996192,0.244904,-0.325431
33,1,16.0427,-0.499257,-2.72066,0.995794,0.239822,-0.33685
34,1,16.0295,-0.498661,-2.71837,0.998282,0.250051,-0.331233
35,1,16.0352,-0.498888,-2.71914,0.998234,0.254558,-0.329671
36,1,16.034,-0.499656,-2.71801,0.999713,0.256014,-0.330164
37,1,16.0319,-0.498811,-2.7179,0.998314,0.253161,-0.330178
38,1,16.0352,-0.499467,-2.71943,0.999221,0.257053,-0.329576
39,1,16.044,-0.499184,-2.72106,0.996899,0.243415,-0.336101
40,1,16.0336,-0.499118,-2.71911,0.999341,0.264268,-0.319524
41,1,16.0311,-0.499125,-2.71763,0.998884,0.252789,-0.332807
42,1,16.0336,-0.499031,-2.71789,0.998835,0.252692,-0.332778
43,1,16.0541,-0.500023,-2.72152,0.998189,0.247902,-0.331368
44,1,16.0473,-0.499517,-2.72045,0.996984,0.245313,-0.334444
45,1,16.0396,-0.499781,-2.71934,0.998328,0.25238,-0.331948
46,1,16.0533,-0.49888,-2.72254,0.995077,0.239069,-0.33111
47,1,16.046,-0.499438,-2.72132,0.997924,0.254016,-0.325738
48,1,16.0428,-0.499814,-2.72008,0.998803,0.25681,-0.324852
49,1,16.0481,-0.499305,-2.721,0.99861,0.25135,-0.330542
50,1,16.0598,-0.500246,-2.72242,0.99695,0.246255,-0.329381
51,1,16.048,-0.499954,-2.72062,1.00015,0.255003,-0.328865
52,1,16.0426,-0.499354,-2.72051,0.998729,0.253383,-0.328803
53,1,16.021,-0.498805,-2.71689,0.999936,0.255494,-0.334769
54,1,16.0364,-0.499437,-2.71924,0.998243,0.254072,-0.325909
55,1,16.037,-0.499268,-2.71901,0.999114,0.249852,-0.334865
56,1,16.0343,-0.49944,-2.71869,0.99849,0.258073,-0.326712
57,1,16.0452,-0.49956,-2.71996,0.999686,0.256661,-0.328476
58,1,16.0519,-0.500586,-2.72142,0.997055,0.247594,-0.327016
59,1,16.0315,-0.499158,-2.7182,0.999774,0.257524,-0.32876
60,1,16.0438,-0.499411,-2.72035,0.997,0.246406,-0.335871
61,1,16.0411,-0.498927,-2.71998,0.997202,0.249745,-0.329943
62,1,16.0429,-0.499129,-2.71999,0.997524,0.243326,-0.336845
63,1,16.0191,-0.499017,-2.71547,0.99943,0.256432,-0.333333
64,1,16.0468,-0.499891,-2.72056,0.998501,0.24439,-0.334441
65,1,16.0647,-0.500303,-2.72338,0.996473,0.245888,-0.323028
66,1,16.0496,-0.499901,-2.72063,0.99826,0.252072,-0.327663
67,1,16.0349,-0.499035,-2.71892,0.998493,0.25369,-0.328795
68,1,16.0624,-0.500601,-2.72358,0.996892,0.244926,-0.329826
69,1,16.0363,-0.499039,-2.71857,0.998275,0.253303,-0.333185
70,1,16.0376,-0.49949,-2.71925,0.997806,0.252363,-0.331555
71,1,16.0237,-0.498585,-2.71625,0.999478,0.252503,-0.337076
72,1,16.0432,-0.499508,-2.71965,0.998508,0.251659,-0.329097
73,1,16.0347,-0.499139,-2.71845,0.997763,0.253957,-0.335037
74,1,16.0454,-0.499127,-2.72022,0.997841,0.247024,-0.330353
75,1,16.0397,-0.499592,-2.71943,0.998806,0.253034,-0.328626
76,1,16.0352,-0.499811,-2.71875,0.999298,0.255734,-0.326674
77,1,16.0435,-0.499715,-2.71957,0.997143,0.247883,-0.334399
78,1,16.0392,-0.499424,-2.71884,0.998336,0.253135,-0.333146
79,1,16.04,-0.498856,-2.71943,0.997598,0.246875,-0.332392
80,1,16.0401,-0.499413,-2.71931,0.998184,0.248349,-0.332333
81,1,16.0414,-0.499317,-2.71959,0.997903,0.249873,-0.335009
82,1,16.0407,-0.499408,-2.71935,0.997211,0.252012,-0.329106
83,1,16.0399,-0.500072,-2.71931,0.999983,0.252681,-0.333291
84,1,16.035,-0.498985,-2.71859,0.998258,0.253408,-0.326593
85,1,16.0424,-0.499559,-2.71908,0.999113,0.25448,-0.324238
86,1,16.0433,-0.499441,-2.71992,0.997588,0.242872,-0.334715
87,1,16.0321,-0.498569,-2.71783,0.997211,0.245991,-0.337484
88,1,16.0453,-0.500244,-2.71998,1.00029,0.258403,-0.325122
89,1,16.0417,-0.498851,-2.72002,0.997307,0.243513,-0.331594
90,1,16.0377,-0.498949,-2.71883,0.996606,0.244592,-0.333478
91,1,16.032,-0.499097,-2.71786,0.999254,0.256093,-0.328852
92,1,16.0253,-0.498978,-2.71655,0.999647,0.259218,-0.329615
93,1,16.0375,-0.498945,-2.71912,0.999517,0.258304,-0.326723
94,1,16.0317,-0.499107,-2.71762,0.998601,0.252195,-0.332379
95,1,16.025,-0.498982,-2.71642,0.999521,0.257235,-0.332891
96,1,16.0326,-0.499676,-2.71765,0.998952,0.252443,-0.333891
97,1,16.0358,-0.499657,-2.71821,0.999974,0.254844,-0.328894
98,1,16.0384,-0.499413,-2.71821,0.999214,0.252919,-0.331062
99,1,16.0424,-0.499167,-2.7196,0.997373,0.250923,-0.328898
100,1,16.0504,-0.500343,-2.72101,0.997311,0.24064,-0.335341
101,1,16.0385,-0.499125,-2.7184,0.999861,0.260433,-0.327344
102,1,16.0343,-0.499037,-2.71845,0.997353,0.253145,-0.327789
103,1,16.0356,-0.498938,-2.71822,0.997553,0.251215,-0.330618
104,1,16.0452,-0.499942,-2.72025,0.997982,0.244322,-0.332853
105,1,16.0396,-0.499289,-2.71934,0.997493,0.249523,-0.33124
106,1,16.0483,-0.499477,-2.72055,0.996698,0.244604,-0.333371
107,1,16.0442,-0.499452,-2.72017,0.997495,0.24983,-0.326879
108,1,16.04,-0.500105,-2.71845,0.998556,0.251326,-0.331757
109,1,16.063,-0.499589,-2.72347,0.995437,0.2382,-0.331846
110,1,16.0317,-0.499273,-2.7181,0.998363,0.251695,-0.33142
111,1,16.0262,-0.499433,-2.71681,1.0002,0.252577,-0.33645
112,1,16.0326,-0.499363,-2.71775,0.998274,0.25063,-0.331906
113,1,16.0347,-0.499882,-2.7182,0.998204,0.252188,-0.332384
114,1,16.0362,-0.499191,-2.71844,1.00014,0.2568,-0.328316
115,1,16.0335,-0.499516,-2.7182,0.998299,0.25149,-0.328032
116,1,16.0353,-0.499305,-2.71805,0.998987,0.249417,-0.33332
117,1,16.0334,-0.498849,-2.71785,0.997939,0.244347,-0.337424
118,1,16.0307,-0.499148,-2.71729,0.997924,0.249768,-0.332046
119,1,16.034,-0.499282,-2.7185,0.998364,0.255615,-0.329287
120,1,16.0371,-0.499008,-2.71863,0.998093,0.251797,-0.329955
121,1,16.0489,-0.499548,-2.72101,0.997098,0.241177,-0.333282
122,1,16.0344,-0.499625,-2.71789,0.998248,0.252566,-0.329229
123,1,16.0473,-0.499861,-2.7204,0.996302,0.254024,-0.324747
124,1,16.0411,-0.499154,-2.71967,0.998198,0.256107,-0.322795
125,1,16.0305,-0.49892,-2.71786,0.999202,0.254914,-0.331209
126,1,16.0397,-0.499199,-2.71882,0.997938,0.247922,-0.333666
127,1,16.0365,-0.50006,-2.71828,1.0007,0.260671,-0.32833
128,1,16.0435,-0.500194,-2.7196,0.998426,0.25444,-0.322301
129,1,16.0405,-0.499712,-2.71965,0.998197,0.249645,-0.329832
130,1,16.0302,-0.499177,-2.71731,0.999997,0.26263,-0.32459
130,2,39.9682,10.3308,4.49501,2.70417,-1.74642,2.58297
131,1,16.0447,-0.499066,-2.72012,0.99757,0.250861,-0.325982
132,1,16.0563,-0.499953,-2.7218,0.997487,0.249078,-0.326415
133,1,16.0258,-0.498931,-2.71694,0.999444,0.2568,-0.332266
134,1,16.0471,-0.499852,-2.72045,0.997444,0.255709,-0.317712
135,1,16.0396,-0.499123,-2.719,0.998151,0.248368,-0.332043
136,1,16.0293,-0.499073,-2.71714,0.998216,0.251789,-0.335394
137,1,16.037,-0.499039,-2.71854,0.998362,0.248107,-0.334075
138,1,16.0327,-0.498998,-2.71735,0.99907,0.252419,-0.334243
139,1,16.0458,-0.499894,-2.71979,0.99811,0.247743,-0.332832
140,1,16.058,-0.499458,-2.72226,0.995497,0.243496,-0.328689
141,1,16.0382,-0.499332,-2.71909,0.998974,0.25855,-0.320785
142,1,16.0398,-0.49917,-2.71886,0.997848,0.248054,-0.331971
143,1,16.0411,-0.499936,-2.71938,0.998681,0.24782,-0.335742
144,1,16.0426,-0.499236,-2.71934,0.998446,0.250431,-0.329073
145,1,16.0704,-0.500997,-2.72376,0.996155,0.242815,-0.328775
146,1,16.02,-0.498627,-2.71513,0.999913,0.252791,-0.338718
147,1,16.0346,-0.498872,-2.71765,0.999092,0.251759,-0.333101
148,1,16.0433,-0.499184,-2.71969,0.99675,0.242913,-0.335017
149,1,16.0391,-0.498781,-2.71906,0.998071,0.255329,-0.324192
150,1,16.0459,-0.499335,-2.7197,0.997854,0.246621,-0.332752
151,1,16.027,-0.498854,-2.71713,0.998642,0.252851,-0.335586
152,1,16.0596,-0.500475,-2.7226,0.996892,0.245357,-0.326578
153,1,16.0404,-0.500397,-2.71962,0.998281,0.250589,-0.330236
154,1,16.0602,-0.50074,-2.72262,0.997536,0.249827,-0.322344
155,1,16.0425,-0.499541,-2.7196,0.999636,0.257466,-0.323117
156,1,16.0545,-0.49965,-2.72116,0.996606,0.244477,-0.330958
157,1,16.0386,-0.499604,-2.71854,0.999165,0.250075,-0.336234
158,1,16.0371,-0.499148,-2.71817,0.998809,0.251571,-0.334387
159,1,16.0346,-0.499094,-2.71864,0.996257,0.245944,-0.333256
160,1,16.0361,-0.499127,-2.71815,0.999506,0.252199,-0.332465
161,1,16.0335,-0.498993,-2.71873,0.996671,0.251392,-0.332596
162,1,16.0361,-0.499621,-2.71818,0.999739,0.257199,-0.325658
163,1,16.0346,-0.499752,-2.71795,0.997952,0.249772,-0.331532
164,1,16.0478,-0.500089,-2.72011,0.997844,0.256161,-0.320668
165,1,16.0488,-0.499954,-2.72096,0.998067,0.247406,-0.32554
166,1,16.0384,-0.499132,-2.71878,0.998099,0.252563,-0.330991
167,1,16.0375,-0.499487,-2.71877,0.99831,0.249449,-0.32883
168,1,16.0285,-0.499254,-2.7169,0.998839,0.24861,-0.336838
169,1,16.0421,-0.500126,-2.71914,0.998868,0.251525,-0.327499
170,1,16.0411,-0.499273,-2.71981,0.998446,0.251727,-0.324192
171,1,16.0283,-0.49933,-2.71649,0.999476,0.257122,-0.330221
172,1,16.0432,-0.49971,-2.71995,0.998213,0.250251,-0.328177
173,1,16.0353,-0.499616,-2.71772,0.999647,0.252335,-0.336034
174,1,16.0538,-0.500077,-2.72172,0.996892,0.251234,-0.319178
175,1,16.0449,-0.499689,-2.72025,0.997688,0.249776,-0.325634
176,1,16.0476,-0.498719,-2.71994,0.997051,0.252852,-0.324924
177,1,16.0454,-0.499161,-2.71989,0.997485,0.237803,-0.339753
178,1,16.0445,-0.499857,-2.72003,0.998102,0.248048,-0.326428
179,1,16.0448,-0.499544,-2.71999,0.997413,0.247356,-0.327801
180,1,16.0296,-0.498695,-2.71668,0.997907,0.255895,-0.331979
181,1,16.051,-0.500237,-2.72169,0.998089,0.250761,-0.325104
182,1,16.0404,-0.499335,-2.71937,0.997863,0.252976,-0.326948
183,1,16.0475,-0.499763,-2.72065,0.996888,0.244948,-0.33049
184,1,16.0522,-0.499962,-2.72133,0.996726,0.244642,-0.328813
185,1,16.0409,-0.499187,-2.71887,0.997763,0.248057,-0.330246
186,1,16.0293,-0.499062,-2.71721,0.998719,0.248532,-0.339092
187,1,16.0356,-0.499124,-2.71781,0.99805,0.248114,-0.333877
188,1,16.0355,-0.499844,-2.71774,1.00028,0.255689,-0.332835
189,1,16.0516,-0.499557,-2.72124,0.996389,0.238776,-0.332854
190,1,16.0335,-0.498697,-2.71793,0.997894,0.241466,-0.341824
191,1,16.0493,-0.499263,-2.72036,0.997419,0.249008,-0.329459
192,1,16.046,-0.499878,-2.721,0.997522,0.254327,-0.319805
193,1,16.0357,-0.498854,-2.71854,0.997516,0.249678,-0.336116
194,1,16.0345,-0.499234,-2.71792,0.997548,0.248785,-0.335181
195,1,16.0393,-0.49966,-2.71918,1.00024,0.253452,-0.332462
196,1,16.0295,-0.499253,-2.71668,0.999486,0.25516,-0.33332
197,1,16.0345,-0.499257,-2.71782,0.998402,0.251268,-0.331858
198,1,16.0454,-0.499878,-2.71964,0.998549,0.254861,-0.326785
199,1,16.0506,-0.499398,-2.72083,0.997877,0.246019,-0.329923
200,1,16.0303,-0.499144,-2.71727,0.999861,0.257981,-0.329134
201,1,16.0391,-0.49959,-2.71863,0.999673,0.25962,-0.326063
202,1,16.0465,-0.499553,-2.72067,0.998002,0.25214,-0.324243
203,1,16.0395,-0.499493,-2.71908,0.998203,0.24914,-0.33208
204,1,16.0378,-0.49938,-2.71889,0.999143,0.25299,-0.330001
205,1,16.0373,-0.499142,-2.7184,0.999162,0.249965,-0.332628
206,1,16.0504,-0.499916,-2.72098,0.998901,0.256611,-0.31989
207,1,16.0432,-0.49941,-2.71937,0.998152,0.251951,-0.326166
208,1,16.0489,-0.500189,-2.72001,0.997111,0.249289,-0.328512
209,1,16.026,-0.500081,-2.71619,1.00059,0.25829,-0.333612
210,1,16.0474,-0.500261,-2.72009,0.998225,0.251836,-0.32965
211,1,16.0325,-0.49898,-2.71777,0.999637,0.255425,-0.333191
212,1,16.0527,-0.499891,-2.72149,0.996782,0.241695,-0.333325
213,1,16.0386,-0.499228,-2.7187,0.998061,0.249047,-0.333531
214,1,16.0437,-0.49965,-2.72005,0.997577,0.254537,-0.3257
215,1,16.0304,-0.499185,-2.71746,0.99997,0.253695,-0.335588
216,1,16.038,-0.499214,-2.71889,0.999043,0.254854,-0.327405
217,1,16.0383,-0.499076,-2.71866,0.998034,0.250012,-0.329302
218,1,16.0514,-0.499934,-2.72105,0.996915,0.240285,-0.334753
219,1,16.0288,-0.498672,-2.71675,1.00002,0.256542,-0.330263
220,1,16.03,-0.499359,-2.71711,0.998914,0.254913,-0.327544
221,1,16.0451,-0.499602,-2.71974,0.997479,0.249187,-0.327732
222,1,16.054,-0.499553,-2.72143,0.996202,0.242593,-0.333509
223,1,16.0282,-0.498786,-2.71687,0.998286,0.250264,-0.332985
224,1,16.0252,-0.499509,-2.71633,1.00072,0.258692,-0.335184
225,1,16.0451,-0.499594,-2.72006,0.996732,0.243325,-0.334598
226,1,16.0299,-0.499077,-2.71787,0.999891,0.247826,-0.338083
227,1,16.0389,-0.499377,-2.71874,0.997758,0.250359,-0.329253
228,1,16.0514,-0.499666,-2.72098,0.996614,0.240278,-0.332187
229,1,16.0435,-0.499152,-2.71992,0.997206,0.244128,-0.335233
230,1,16.0336,-0.499408,-2.7177,0.997853,0.25075,-0.334555
230,14,99.152,-44.035,37.1204,0.0576039,-0.159042,-1.16602
231,1,16.0401,-0.50006,-2.719,1.00114,0.261098,-0.325952
232,1,16.043,-0.49927,-2.71953,0.997109,0.243946,-0.333187
233,1,16.0281,-0.499288,-2.71687,0.999138,0.255611,-0.330002
234,1,16.0287,-0.499515,-2.71688,1.0005,0.25955,-0.329718
235,1,16.0405,-0.499784,-2.7195,0.998582,0.254339,-0.331099
236,1,16.0407,-0.499655,-2.7192,0.998064,0.251555,-0.328759
237,1,16.0568,-0.500406,-2.72187,0.997361,0.245366,-0.330857
238,1,16.0411,-0.499699,-2.71873,0.997274,0.245756,-0.332992
239,1,16.0549,-0.499709,-2.72155,0.997565,0.240914,-0.336448
240,1,16.0358,-0.498878,-2.71788,0.997435,0.249552,-0.329356
240,23,71.631,-6.54051,20.3424,2.76395,-2.27631,1.94603
241,1,16.0408,-0.499428,-2.7192,0.998088,0.246184,-0.333844
242,1,16.0179,-0.498858,-2.71488,1.00151,0.256931,-0.33807
243,1,16.0341,-0.499549,-2.71798,0.99962,0.259201,-0.322867
244,1,16.0253,-0.49941,-2.71634,1.00055,0.260489,-0.332074
245,1,16.0337,-0.499412,-2.71786,0.998548,0.244504,-0.337182
246,1,16.0425,-0.49953,-2.71966,0.996781,0.244308,-0.334633
247,1,16.0422,-0.499829,-2.71956,0.998564,0.249472,-0.332584
248,1,16.055,-0.500342,-2.72178,0.997635,0.251304,-0.322887
249,1,16.0437,-0.499902,-2.71935,0.998144,0.253046,-0.326812
250,1,16.0405,-0.498969,-2.71926,0.998372,0.242013,-0.339136
251,1,16.0392,-0.499932,-2.71865,0.998505,0.254643,-0.325791
252,1,16.0482,-0.499906,-2.72021,0.997661,0.245503,-0.330336
253,1,16.0408,-0.499013,-2.71958,0.998383,0.252155,-0.329323
254,1,16.0275,-0.499416,-2.7167,0.999649,0.255773,-0.337382
255,1,16.0493,-0.499463,-2.72099,0.997175,0.250516,-0.32518
256,1,16.0371,-0.499045,-2.71906,0.997686,0.246704,-0.331634
257,1,16.047,-0.499238,-2.72028,0.998175,0.241199,-0.33647
258,1,16.0294,-0.499193,-2.71751,0.998253,0.253364,-0.327349
259,1,16.0526,-0.499486,-2.72101,0.996789,0.24299,-0.334215
260,1,16.0443,-0.49975,-2.71952,0.999164,0.251356,-0.328712
261,1,16.0447,-0.499564,-2.71992,0.998091,0.248326,-0.329218
262,1,16.03,-0.499303,-2.71685,0.998477,0.24991,-0.33632
263,1,16.0535,-0.500089,-2.72149,0.996944,0.246973,-0.324316
264,1,16.0552,-0.50014,-2.72201,0.995601,0.24546,-0.32268
265,1,16.038,-0.499706,-2.71901,0.998242,0.246377,-0.332104
266,1,16.028,-0.499102,-2.71714,0.998976,0.253382,-0.333216
267,1,16.036,-0.498881,-2.71805,0.998141,0.248548,-0.332612
268,1,16.0485,-0.500147,-2.72076,0.996139,0.245939,-0.328178
269,1,16.0396,-0.499375,-2.71925,0.998115,0.246043,-0.334168
270,1,16.0482,-0.498916,-2.72112,0.997438,0.243174,-0.335489
271,1,16.0419,-0.499669,-2.71953,0.998883,0.248075,-0.334475
272,1,16.0604,-0.499609,-2.72263,0.995823,0.241728,-0.327774
273,1,16.0301,-0.499315,-2.71716,1.00078,0.260248,-0.328246
274,1,16.0381,-0.4991,-2.71908,0.998327,0.253097,-0.32685
275,1,16.0371,-0.499838,-2.71846,0.999133,0.248928,-0.33717
276,1,16.0606,-0.500773,-2.7225,0.997507,0.253476,-0.319969
277,1,16.029,-0.499371,-2.71726,1.001,0.253674,-0.337087
278,1,16.0593,-0.500547,-2.72278,0.997859,0.249346,-0.321011
279,1,16.0156,-0.498505,-2.71443,1.00071,0.254784,-0.340091
280,1,16.0496,-0.499459,-2.72054,0.99745,0.24955,-0.326011
281,1,16.0535,-0.500271,-2.72131,0.998675,0.250001,-0.326554
282,1,16.0456,-0.499761,-2.72006,0.998847,0.247587,-0.330965
283,1,16.0449,-0.499411,-2.71976,0.997743,0.250906,-0.328864
284,1,16.0408,-0.500035,-2.71842,0.998903,0.252411,-0.33534
285,1,16.0534,-0.500028,-2.72164,0.997319,0.247937,-0.324854
286,1,16.0382,-0.499099,-2.7186,0.998296,0.246515,-0.336687
287,1,16.0357,-0.499684,-2.71843,0.998416,0.255486,-0.32912
288,1,16.0439,-0.499206,-2.71968,0.997187,0.248799,-0.3303
289,1,16.0405,-0.500306,-2.71927,0.998235,0.250611,-0.332416
290,1,16.0489,-0.498929,-2.72072,0.996098,0.2465,-0.32813
291,1,16.0372,-0.498897,-2.71854,0.99883,0.248779,-0.333999
292,1,16.0435,-0.499259,-2.71939,0.998558,0.252633,-0.329494
293,1,16.0489,-0.499794,-2.71996,0.996426,0.239134,-0.338519
294,1,16.0439,-0.4996,-2.71979,0.997768,0.252467,-0.327234
295,1,16.0498,-0.499496,-2.72095,0.997337,0.245458,-0.328812
296,1,16.0507,-0.500051,-2.72129,0.998177,0.246937,-0.327972
297,1,16.0208,-0.499598,-2.71551,1.00175,0.263318,-0.334375
298,1,16.0441,-0.499268,-2.71969,0.997937,0.253598,-0.327467
